# Created by Octave 3.2.4, Tue Apr 16 14:26:16 2013 CEST <artur@desktop-debian>
# name: LW
# type: cell
# rows: 3
# columns: 2
# name: <cell-element>
# type: matrix
# rows: 0
# columns: 0
# name: <cell-element>
# type: matrix
# rows: 7
# columns: 9
 -0.7277273636283977 -0.6783817013423185 -0.5345024657429615 0.3496054770962322 0.7642366013153601 0.9438240333073442 -0.5526488521300054 -0.281619622529009 0.160996887438152
 -0.1214157310984038 -0.6858643419585174 0.8889203397636736 -0.964340346674215 -0.08540792622988846 0.3787085100429204 -0.4680748612249218 -0.3012955197057022 -0.4918413603700321
 -0.5263595102673936 0.6339132814394191 0.5159690045246621 0.1658699402656305 -0.7637063782664369 -0.05557744785061203 0.2046109377005556 0.07626102649432775 -0.4650314307178299
 -0.3436173325247603 -0.2377740873048303 0.923841730949202 -0.2938576259287565 -0.475788426283772 -0.6630224858578234 -0.7744845791629312 -0.1753913907057695 -0.3549271241533359
 0.9593932476671501 0.7358048939676891 -0.8120308711372072 0.3201844589259009 -0.06042138027061006 0.5346790897281026 -0.5372904406403903 -0.1524872683569828 -0.3137993702943397
 0.3794917768727033 0.6554800775485587 0.2330920670760548 -0.5201990856840372 0.2145961171501325 -0.07251831995008173 0.6193671416257871 0.8032208304240644 0.3527644223037838
 -0.4776292606840357 -0.2691522524880759 0.5257779884331948 -0.5729629799218495 0.128640830528606 -0.733620154595812 -0.3906051570664327 0.2031980208708102 -0.4907270607144135
# name: <cell-element>
# type: matrix
# rows: 0
# columns: 0

# name: <cell-element>
# type: matrix
# rows: 0
# columns: 0
# name: <cell-element>
# type: matrix
# rows: 0
# columns: 0
# name: <cell-element>
# type: matrix
# rows: 4
# columns: 7
 -0.3871447295939289 0.1638032190653893 -0.7627144403411102 0.09595237184707672 0.696328969407386 -0.6696955845805784 0.7542657930712087
 -0.4240294823260519 -0.5759990895881103 0.05510755107520993 0.1784698501650837 0.3317874171309241 0.3297729472595983 0.03323459726573863
 0.7039637994480255 -0.006739238029528916 0.3622594158024586 -0.9720254501827253 -0.8232621835104433 0.1435837912778712 -0.6605963455287495
 0.45571647578787 -0.08609723160314509 0.221607389564165 0.1523377795626946 0.9580002626002297 0.7512827839285681 0.04338386315506337

