# Created by Octave 3.2.4, Tue Apr 16 14:26:16 2013 CEST <artur@desktop-debian>
# name: IW
# type: cell
# rows: 3
# columns: 1
# name: <cell-element>
# type: matrix
# rows: 9
# columns: 24
 -0.9004975854073066 -0.33134918068204 -0.9280710124956343 0.3518869460488057 -0.158740701219911 -0.1282302673884969 -0.7947820037292256 0.634102222405085 -0.8031496249721907 -0.3401752274864956 0.7298116468619098 0.3064179103267322 -0.9080732900505887 0.1606665781102548 0.7399760129049664 -0.2007729415756275 -0.2824249332998804 -0.2560724368296 0.5837084880243981 -0.4909416317449521 0.9570802830272305 0.7113074423140322 0.7890860167434821 -0.2244545767322567
 0.5385787096177972 0.5148190218412447 0.4692518752807682 0.7517325764980187 -0.1119717458204473 -0.8719052410588078 -0.2099501324939806 -0.3638080565392313 -0.6892965238397611 -0.2586283038764275 -0.9068140505007497 0.5746345708201896 -0.496272983602689 0.5660155026910858 0.09371231905166444 0.1063986036224407 -0.9143536692074664 0.6947383875005295 0.7171554017244506 0.732516882423949 -0.8957665668413343 -0.6584726792752048 0.5302494693404722 0.9800943243503906
 0.3999491173819529 -0.8274539682198955 0.8670389244509895 -0.6016228329057342 0.5895306858088378 0.2191932641390659 -0.05839662135545398 -0.3756029493684846 -0.3176036935717413 0.3271909215871991 -0.3699253506887444 0.3131056056479904 -0.8516001769037577 0.1075095999377997 -0.8294522479032141 0.6010491079228835 0.8646845796722877 0.564989471749078 -0.815831636494602 0.5237477992737842 0.1670119032757598 0.4855794815123522 0.1459461505079116 -0.4298443754788798
 0.6778568806963876 -0.5896822048721392 0.3168721879442538 0.9227212956040944 0.8080118031398065 0.7626290283602024 -0.2688427093691917 0.08697524434214232 0.03923216162760101 -0.5367211847372454 -0.318544356772129 -0.6815983440930348 -0.4619124397803679 0.6230762949253594 0.6601017725662812 0.4871958147987334 0.3977877608359057 -0.4159098571899748 0.2267410582505522 -0.1813448255193068 -0.6505824247315105 0.03246905913752762 -0.6388296396600995 -0.1482720758217911
 -0.6547511157932625 -0.6179740491416575 -0.6310261068001654 -0.8987965176399183 0.9372289134359508 -0.04882358949698407 0.5258310388804845 0.4165110212351835 0.09779652945073836 -0.05849703475632662 -0.313558971047632 0.06573350338212203 0.900344039980739 -0.6969167595205289 -0.7241922306782126 -0.001000555496047162 -0.6414814402476022 0.08493297687264545 -0.08425947922558052 -0.1611267879136816 -0.5346663586463342 -0.5398789468714719 0.4299648103026112 -0.1237617338036771
 -0.5400904434444808 -0.8324896716353122 -0.2966454348963784 0.07527849139944953 -0.9444177236032628 -0.1132270424379079 -0.509373126402518 -0.8646857609206026 0.805069673593271 -0.2597132976294393 -0.7464476410517372 -0.6463307771915253 0.4678996472143406 -0.4102228981304198 0.5182993711942816 -0.6458583288875718 0.2591722553391271 0.9437373868691334 0.3773420456487599 0.4126263276161364 0.4177306363875619 0.7466367186053402 -0.3867186987002159 0.06792935897583563
 0.6989358536118921 0.5729374238170071 0.2622065241427127 0.07157132461180571 0.4300630551306399 0.4243356952983741 -0.5553767827175887 -0.2267542552793026 0.474612686785572 -0.6248809091597906 0.6797917348864353 0.01321139548114991 0.8393772312570553 -0.4541427476979766 -0.7290758626769721 0.1290079305960483 -0.9016972533549888 0.9502690915983032 -0.7867790233545006 0.1905422178829057 -0.4838867144874098 0.6933937929295468 0.9225802808834969 -0.5318119269634375
 0.9726153263068784 -0.2156228404151029 0.6025524476454069 0.775466317389899 -0.1090138573675424 0.02315359081483459 -0.7978666482649276 0.5524997917464449 -0.6307239897632529 -0.03665204927659838 0.8641232840703219 -0.6952697763883907 0.336720726554792 -0.5862583260657998 0.3642897878831459 0.2854172577159269 0.1859614169760635 -0.9105948975819015 -0.4442617987382854 0.09868312281376435 0.6937394722601755 -0.2664642740425119 0.925499367975509 0.09536350992291132
 -0.7212492974531225 0.4472416024753567 0.4408258576343405 -0.879024299243878 0.7106057823068006 -0.4712150597376951 0.06375227296943375 -0.08351344241516412 -0.8372378154457344 0.9513155983265891 0.9724048716928946 0.8101398413832444 -0.7366692527002178 0.02254137016298574 0.5097541028634147 0.5161393001746253 0.4775936852853513 -0.674687513939826 -0.6753666159903408 0.9319622368167928 -0.1254521906969249 0.05496354431327055 0.5630546841947865 -0.197240136021832
# name: <cell-element>
# type: matrix
# rows: 0
# columns: 0
# name: <cell-element>
# type: matrix
# rows: 0
# columns: 0

