# Created by Octave 3.2.4, Tue Apr 16 14:26:16 2013 CEST <artur@desktop-debian>
# name: B
# type: cell
# rows: 3
# columns: 1
# name: <cell-element>
# type: matrix
# rows: 9
# columns: 1
 0.3402185185616644
 -0.4578813253988291
 0.7320847439326685
 -0.3858057753231835
 -0.1157583742613663
 -0.7483890225955906
 -0.4550538039363049
 -0.8395901820887878
 -0.6051279223205742
# name: <cell-element>
# type: matrix
# rows: 7
# columns: 1
 -0.407911846518748
 0.4146931564848049
 0.7447698051762595
 0.6475023659256487
 -0.455578912461576
 -0.246816584064706
 0.8960704660119219
# name: <cell-element>
# type: matrix
# rows: 4
# columns: 1
 -0.4220167231041735
 0.6117489254932147
 -0.7497266022119434
 -0.8983670899397384

