# Created by Octave 3.2.4, Sun Mar 31 16:03:25 2013 CEST <artur@desktop-debian>
# name: LW
# type: cell
# rows: 3
# columns: 2
# name: <cell-element>
# type: matrix
# rows: 0
# columns: 0
# name: <cell-element>
# type: matrix
# rows: 3
# columns: 6
 -0.9013680143763433 0.3682368910334355 0.4759326633867045 -0.5403907450794908 0.003649184491367086 0.7413281554087625
 0.8921395592643262 -0.5977366874667535 0.3005860903880417 -0.6901296862138685 -0.8239020518778181 0.7065004494282652
 0.5032642168266392 -0.2808977810515408 -0.05137831918155966 -0.8537516246342273 -0.112166690473427 0.004191584327114084
# name: <cell-element>
# type: matrix
# rows: 0
# columns: 0

# name: <cell-element>
# type: matrix
# rows: 0
# columns: 0
# name: <cell-element>
# type: matrix
# rows: 0
# columns: 0
# name: <cell-element>
# type: matrix
# rows: 4
# columns: 3
 0.7400107258672035 -0.7540843551824999 -0.1550048877504521
 -0.462884788804316 0.3942851966580199 -0.5487675060731764
 -0.2204139545980003 0.8158616735934763 0.6397378367093014
 -0.8903531337332405 -0.9583612352816305 -0.2398259039460787

