# Created by Octave 3.2.4, Sun Mar 31 16:02:37 2013 CEST <artur@desktop-debian>
# name: LW
# type: cell
# rows: 3
# columns: 2
# name: <cell-element>
# type: matrix
# rows: 0
# columns: 0
# name: <cell-element>
# type: matrix
# rows: 3
# columns: 6
 0.9915055728374937 -0.5712088234117453 -0.564338544689135 -0.1864174944782137 0.8899671398434743 -0.1169152298377537
 0.5236496040359713 -0.3775875581518232 0.49585287101595 -0.2232218259510651 0.9931840775160796 0.6552567035412287
 0.42370066349835 -0.2447096885142738 0.4418684915745297 -0.8390196903331916 0.4301208637484548 -0.662095108572282
# name: <cell-element>
# type: matrix
# rows: 0
# columns: 0

# name: <cell-element>
# type: matrix
# rows: 0
# columns: 0
# name: <cell-element>
# type: matrix
# rows: 0
# columns: 0
# name: <cell-element>
# type: matrix
# rows: 4
# columns: 3
 -0.0159352691432898 -0.2377846029332394 0.3065243158222262
 0.3536432276319306 -0.9092257202723072 0.6359647284029433
 -0.8724786575029856 0.1277634999922954 0.5856372177617772
 -0.966917920468339 -0.6935503300738334 0.7187340849593773

