# Created by Octave 3.2.4, Sun Mar 31 16:04:28 2013 CEST <artur@desktop-debian>
# name: B
# type: cell
# rows: 3
# columns: 1
# name: <cell-element>
# type: matrix
# rows: 6
# columns: 1
 -0.04194012304089789
 -0.2069006183974328
 -0.05797398471838566
 0.370391512095299
 0.7685170708335669
 0.5667981744930404
# name: <cell-element>
# type: matrix
# rows: 3
# columns: 1
 0.3038805470361505
 0.6064765749418768
 0.1768935759017687
# name: <cell-element>
# type: matrix
# rows: 4
# columns: 1
 -0.07425358356399581
 0.8978515611517197
 0.7166832374349801
 0.9996426386964525

