# Created by Octave 3.2.4, Fri Apr 12 16:47:53 2013 CEST <artur@desktop-debian>
# name: B
# type: cell
# rows: 3
# columns: 1
# name: <cell-element>
# type: matrix
# rows: 6
# columns: 1
 -0.8608919553443611
 0.6966560808552977
 0.3221651572416331
 0.5950745094522805
 -0.9336930173388543
 0.4766664701003178
# name: <cell-element>
# type: matrix
# rows: 3
# columns: 1
 -0.1832703833956683
 -0.5791443874247303
 -0.3075870870483458
# name: <cell-element>
# type: matrix
# rows: 7
# columns: 1
 0.5718102178873412
 -0.7058028345972646
 -0.9397796235239925
 -0.03227241440917272
 0.3815376382991085
 -0.4826783577104939
 -0.1601675458831803

