# Created by Octave 3.2.4, Fri Apr 12 16:12:31 2013 CEST <artur@desktop-debian>
# name: IW
# type: cell
# rows: 3
# columns: 1
# name: <cell-element>
# type: matrix
# rows: 6
# columns: 36
 -0.1375089591416613 0.6464453723846886 -0.1155002649113664 -0.7935820516502018 -0.7174886094595087 0.6121757971305137 -0.04465328220342546 -0.6817116367734614 0.548292407955963 -0.8314872970669026 -0.5645247202450175 0.211424358505524 0.4835455247880167 -0.3419227520757352 0.8611665241702671 0.3081859215951586 -0.3114981665830027 -0.03901933942735136 -0.997885676801837 -0.3716889083977754 0.02359376592569395 -0.5930274885960783 -0.07558212102668793 -0.2167872061320392 -0.5272617949354196 0.8170834617045803 0.9579296608158496 0.6252755924113556 -0.06196049194434694 -0.7015120297079077 0.5870175410207328 -0.1436336223456379 -0.1738546216620874 -0.2300970482619497 -0.8949276223423307 -0.7451045020372021
 0.07771448021503669 -0.9096116220677005 -0.313797906017694 -0.2909476536539152 0.7207039682448626 0.2909696144058533 -0.536174896394788 -0.6042727203611559 0.1027282098635243 -0.5893988927544652 -0.7621904540429058 0.2937171863683392 0.8574659065581689 -0.2029348647400789 -0.3674003518793766 -0.7755870610987384 -0.6392719752135106 0.7427515217653926 -0.9051187986956873 -0.901569818056361 -0.5604001408881719 0.5988476934709273 -0.8189351734264355 0.8245739793507163 -0.7115903908806703 0.3803788211048933 -0.6254905225507045 0.5830632798130171 0.6582298259837054 0.04770795111614579 0.9567215573066374 0.09557927688032253 -0.9134579088549831 0.6205948910253005 0.01922410947425646 0.08901383171481281
 -0.1795573109485481 0.1076803251376084 0.852718821734145 -0.3081143412533479 0.1093609973852783 0.5371480174713963 0.3756214965853228 -0.607484314746222 0.8962109231972655 0.2131140941415142 -0.7635350738177377 0.3540982552189007 0.8763250777894376 0.4642333101693472 -0.4152777874825943 -0.5799513472112353 0.7045312867193363 0.8719003230633082 0.09097811209521467 -0.02186625707763767 0.2015441914570764 0.955428610147685 -0.3551487930453917 0.1150592731877953 -0.546616754861485 0.7244097251788737 0.5435642912118586 -0.009952343501921423 -0.09384241389746839 0.8945561394555945 0.8905201967207079 0.9229328504070802 0.8952406332865004 -0.9152599041888801 0.2069493325129061 0.03691198646988214
 0.6159560973323952 0.7908873860998964 0.2861438810063073 -0.7802404050529627 -0.08718057770961296 -0.8816931495173542 -0.3896046284079321 0.2282456055226116 0.1041938636346065 -0.8238586514811991 -0.7878826442240313 -0.3611295189506954 -0.5669425090732702 -0.2076838376864864 -0.4718564859361932 -0.4273269194266344 0.81240032089463 -0.4480098005025736 -0.2852465382532329 -0.3710673283846636 0.2109327092294018 0.4122863553728919 -0.5247780809302797 -0.6535633589528743 -0.1590492969757135 -0.8255356387082881 -0.45848823369323 0.5829801424735093 -0.9657270498829983 0.5158064329411935 0.3405211648458084 -0.694527759419263 -0.3787685543187497 -0.3242686564649723 0.8357577552935209 -0.5178166013531463
 0.5863848669496197 0.2896937577485912 -0.1109929070902137 0.1992216154074695 0.9991504963997577 0.2151736090177843 -0.8669715675164512 0.8465729670892492 -0.5724906528190644 -0.7306730080513361 -0.4861984479693909 0.7242888658262061 -0.9293815403538647 -0.5821044884867129 0.1104799816834068 0.4414400074888265 0.1542782259976569 0.4850450122184715 0.2820116046544514 0.9679257367269742 0.3115258231647713 -0.4137757538002688 -0.7588522421804297 0.4708031897821388 -0.755115301936507 -0.7512399441676253 -0.9408491473772344 0.9982304501041288 0.8345830800266629 -0.8715535045589861 -0.2704679856546367 0.9141867208935388 0.8940420935499869 -0.3679284145408378 0.3796856750593254 0.9683291138874304
 -0.6389267174305645 0.1983125307938829 -0.7037861085955613 -0.408593142438871 0.894746830085011 -0.3635859808862117 -0.7602951791720444 -0.8245230565957092 -0.4003257631565306 0.3773829900124919 0.5696166945531822 0.6366714250183796 0.4882692159313766 0.7630698455842881 -0.8368161791990142 -0.5389186087267533 0.7364106332612845 0.6840568201698893 -0.01725255978445028 0.7855023999616115 -0.481810287177269 0.1577834951920041 -0.1419539777117801 -0.4451470122701885 -0.3592937038020819 0.1202539873732189 -0.6009687667859934 0.5202617631027173 -0.1380832808386007 0.5466810689371373 -0.325874541429834 0.1176144997006434 -0.7534902872580559 -0.1522423724509742 0.9506966234829117 -0.9023847153039951
# name: <cell-element>
# type: matrix
# rows: 0
# columns: 0
# name: <cell-element>
# type: matrix
# rows: 0
# columns: 0

