# Created by Octave 3.2.4, Tue Apr 02 09:40:32 2013 CEST <artur@desktop-debian>
# name: B
# type: cell
# rows: 3
# columns: 1
# name: <cell-element>
# type: scalar
0.4526589440131203
# name: <cell-element>
# type: scalar
-0.2932642416398473
# name: <cell-element>
# type: matrix
# rows: 4
# columns: 1
 -0.2037002163282308
 0.9564170649576467
 0.8763356519436991
 -0.734331388092485

