# Created by Octave 3.2.4, Sun Mar 31 16:02:37 2013 CEST <artur@desktop-debian>
# name: B
# type: cell
# rows: 3
# columns: 1
# name: <cell-element>
# type: matrix
# rows: 6
# columns: 1
 -0.2528999119604597
 0.8623502504837257
 -0.3333096551376734
 0.1728056118095787
 0.7991671567736276
 -0.03191656482172978
# name: <cell-element>
# type: matrix
# rows: 3
# columns: 1
 0.5693255615411494
 0.9703028681080943
 -0.7177594765491156
# name: <cell-element>
# type: matrix
# rows: 4
# columns: 1
 0.7326376095906098
 -0.3617568194351312
 0.3014418170757094
 0.9378648106111909

