# Created by Octave 3.2.4, Fri Apr 12 16:12:31 2013 CEST <artur@desktop-debian>
# name: B
# type: cell
# rows: 3
# columns: 1
# name: <cell-element>
# type: matrix
# rows: 6
# columns: 1
 0.6047357081710556
 -0.5564188618220164
 0.4080836300146089
 -0.9179316707953012
 0.731943088142897
 -0.6511847272899379
# name: <cell-element>
# type: matrix
# rows: 3
# columns: 1
 -0.1666314544011521
 0.2584940450888584
 -0.8193592168652003
# name: <cell-element>
# type: matrix
# rows: 3
# columns: 1
 -0.319179616111355
 0.2213759521103424
 -0.0134563961934534

