# Created by Octave 3.2.4, Sun Mar 31 16:03:17 2013 CEST <artur@desktop-debian>
# name: B
# type: cell
# rows: 3
# columns: 1
# name: <cell-element>
# type: matrix
# rows: 6
# columns: 1
 0.4476852884777274
 -0.1557539013595012
 0.6588011238405538
 0.3225317317503413
 0.1130357973598939
 -0.8677223543100124
# name: <cell-element>
# type: matrix
# rows: 3
# columns: 1
 -0.6147540101166121
 0.812569615844394
 0.0542431949536315
# name: <cell-element>
# type: matrix
# rows: 4
# columns: 1
 0.5846017288055463
 0.4781284467653388
 0.4384796448586392
 0.6296824165744079

