# Created by Octave 3.2.4, Sun Mar 31 16:03:25 2013 CEST <artur@desktop-debian>
# name: B
# type: cell
# rows: 3
# columns: 1
# name: <cell-element>
# type: matrix
# rows: 6
# columns: 1
 -0.3216401026758801
 -0.3690850806296347
 -0.8109441392132336
 0.394320552466805
 0.5553920244772601
 0.593549729187077
# name: <cell-element>
# type: matrix
# rows: 3
# columns: 1
 0.3087228938633952
 0.3024491957545985
 -0.7959520780126427
# name: <cell-element>
# type: matrix
# rows: 4
# columns: 1
 -0.471458380405183
 0.2720218758045643
 -0.2131097749010086
 -0.9882139302587639

