# Created by Octave 3.2.4, Sun Mar 31 16:02:06 2013 CEST <artur@desktop-debian>
# name: IW
# type: cell
# rows: 3
# columns: 1
# name: <cell-element>
# type: matrix
# rows: 7
# columns: 24
 0.6766668939892122 0.8680404442908474 0.2148493489316941 0.5924410405601075 -0.5266928704263402 -0.6667894573521428 0.9958318368806129 0.0763813314978552 0.9047041375723941 0.9189199663756473 0.1165282688600446 0.05555215164646299 0.5844602744381817 -0.1156057944417991 -0.4364909245095009 -0.8939898417773239 0.685906177040255 -0.2903881959861879 0.3444209539526677 -0.8812146137067006 0.9855068530722222 -0.7668032095783189 -0.1027704467388221 0.124302727603915
 -0.01770380679516836 -0.3916015154594962 -0.5204142579683545 0.269839290215371 0.1158538231301371 0.04656196280825453 0.6198286276177836 -0.5458704620199096 -0.7412889781462441 -0.1539498038302213 0.9374356473833516 -0.1994195794580843 -0.3987719976213034 0.7133771420269686 -0.4967717046068997 0.1387740994564903 0.8020602403602173 -0.1643909268247189 -0.3358642623930191 -0.8008743769597001 -0.3364766034419527 -0.9478178196227648 0.9363008008008751 0.3707372049804969
 -0.2890435555591823 -0.1228622739482265 0.4035290218441248 0.2122648339796769 0.4379748936943606 -0.3820389009584794 -0.6511316749982295 -0.09411174103442088 0.6338942066018931 -0.5192067004429507 0.942292271549275 0.2773618309157488 -0.1135251474167872 -0.005356745047795042 0.3080662068783646 -0.8737132684575625 0.4272622220329549 -0.9823850037612388 -0.4460352631318839 0.4526101692283224 -0.22232718512723 -0.114945419531474 -0.499058222301007 0.3977762018381423
 0.06931037726538825 0.9161556269729652 -0.6449617304632019 0.05230205890858119 0.2082549185970652 0.3202691554627772 0.5851215404852166 -0.1375186024822218 -0.9055670256875695 0.9823637783008903 0.8570207331850415 0.4180538098761044 0.001734530896229769 0.05929414008808243 -0.6542600064218039 -0.7358341196760138 0.4752857487408244 0.3889587396776724 0.6928051211628707 0.3537070378194094 0.3029267376446663 0.6929618130353197 -0.951681754475883 -0.04402057375964075
 -0.07395534068987841 -0.4981637757806702 0.1249001077851277 -0.3552071386322678 -0.450828829978614 -0.1658881475030335 -0.7600575223329537 -0.4660334233342301 0.5900395652876538 -0.9878567423595724 0.7873984647054457 0.936297871755756 0.7760015346393438 -0.4375314375388836 0.3572325739996214 0.7286565424082596 0.2884444467928537 -0.4610471557101682 0.9900859544224279 -0.7205687511706936 -0.2858394162619157 0.7592389953026952 0.07018286692105713 -0.1075775860670792
 -0.1841741575895873 0.5560769054548182 -0.3334862295891413 0.346696794795444 0.09878353419694563 -0.9224969762766436 -0.3116465182416638 -0.7147977121070445 0.464263367473134 0.871638095188658 0.424471101055911 0.3368394888390671 -0.8004563452751187 -0.7648715585862441 0.918206677163877 -0.7729962820143254 -0.5097690277380181 -0.2694156436459872 0.4153360631065564 0.2548394700458776 0.3228983976364588 0.3278340896379708 -0.5794793388332623 -0.4063925799073086
 -0.1562336336535796 0.4220300005746094 -0.1542217859752454 0.7971412208366024 0.1677250726904764 -0.2766901158300697 -0.9602776470254716 0.2042947356733518 -0.2404658259822866 -0.2340796731058897 -0.1851326712686646 0.9758813056517786 0.4036123601623178 -0.5826164835048092 -0.05254946191861587 -0.4833500763481239 -0.1086530622060288 -0.5764274778191188 0.9901442296784804 0.6648279380888273 -0.07062367791918456 0.2428831261957365 0.4701243556435732 0.6980107340503865
# name: <cell-element>
# type: matrix
# rows: 0
# columns: 0
# name: <cell-element>
# type: matrix
# rows: 0
# columns: 0

