# Created by Octave 3.2.4, Sun Mar 31 16:02:37 2013 CEST <artur@desktop-debian>
# name: IW
# type: cell
# rows: 3
# columns: 1
# name: <cell-element>
# type: matrix
# rows: 6
# columns: 24
 0.7045382866243073 0.6572642003228002 -0.9119807782609802 -0.284685991336011 0.080620778665492 -0.3759733456239952 -0.1427516529145968 0.1746302470092027 0.57857204243753 0.6123013141840719 0.4244742114543258 0.3255533820078236 0.4478868538165732 0.3081690255418008 0.9665778881361313 -0.3045168140497644 -0.3324975457855014 -0.6306801156023248 -0.01737671599848623 0.5195940045797043 -0.7124374766257172 -0.8555696383409174 0.05498254752686349 0.7221690722237106
 0.3753213137792639 0.9397490283924017 0.1973745978466042 0.4019328766683095 -0.6606274889549698 0.3455787553147001 -0.8187195790694678 0.03180619385244898 0.5097760024188303 0.8054559094924381 -0.1619681214985135 0.4396134432714249 0.5995701270777005 -0.8213808927146645 0.06310818396280427 -0.9772299532730598 0.0689193701194093 0.8384439918633164 0.3315711464963995 -0.4534358711697403 0.512850313740548 0.9989274928426983 -0.2142510770777156 0.7397937943806918
 -0.2426141731180292 0.7725695672610391 0.1024679932817238 0.5325774167847286 -0.4141484745097584 -0.3279833270191642 0.6324845503534404 -0.004783480920275474 -0.8756025424988042 0.2775470872011185 -0.7527281888432583 -0.2439627671705399 -0.7642182229228022 -0.5524973862802315 0.7311444738049799 0.8909565294296888 0.03890872109768395 -0.9402019674015357 0.757926743466516 -0.2743734546337432 0.2495967476763583 -0.7663429887268313 -0.08607890349351111 0.0552723900683747
 0.009964544337861758 -0.8634216155367184 -0.1683550719579457 -0.6705278588504821 0.5396821223304924 -0.1233156477669103 0.775715315998124 0.7015150471884508 0.9047836059860297 -0.1491758775351572 0.07372822937064893 0.5232014052748153 -0.8508395646294454 0.5495440200161548 -0.6949198637403743 -0.09692903142305298 0.7380939069185992 0.6504554017246738 -0.8476844717441988 -0.2868531918491645 0.8926352346695361 -0.3099097014450595 -0.7918038295616289 -0.08404628253080693
 -0.5552523652643856 0.426867723874341 0.02528154643887781 0.8741134639368464 -0.871668425065795 -0.8682160461535374 0.2835535721877667 0.5274259712782292 0.978460917818387 0.6132365906894819 -0.6819408180667813 0.7826824707324371 -0.06046939618462643 0.1284613982208318 -0.2721682740737793 0.3549669277199581 0.04486433472162266 -0.2432416147961362 -0.765726747210063 -0.1430247260567573 0.2523826474753859 -0.4950658026677278 0.4231279836941608 -0.7703389760227349
 -0.3231969222075427 0.6450754391169906 0.7615456464589603 0.7533115662102914 0.1946110979349784 0.7581027851460147 -0.2251824876963874 0.04410707188772145 0.1919227060610993 0.673957315755003 -0.9743666438945259 -0.8161325051638183 0.9084434283936411 0.5673672555820175 0.2263448737726461 -0.9581139832352786 -0.5641926583546332 0.5080878671880433 0.490839428721493 0.7030724195986719 0.1109245493490256 0.549438789684022 -0.09024459499861714 0.2444993811048732
# name: <cell-element>
# type: matrix
# rows: 0
# columns: 0
# name: <cell-element>
# type: matrix
# rows: 0
# columns: 0

