# Created by Octave 3.2.4, Sun Mar 31 16:03:17 2013 CEST <artur@desktop-debian>
# name: LW
# type: cell
# rows: 3
# columns: 2
# name: <cell-element>
# type: matrix
# rows: 0
# columns: 0
# name: <cell-element>
# type: matrix
# rows: 3
# columns: 6
 0.9395444701287576 -0.548870534021113 -0.1093927625066192 0.4151056612693649 -0.8674824071906436 0.9080436513832046
 0.02000001693411235 -0.4386970231505242 -0.5014482186797126 -0.6129457153739851 0.6904638211897947 0.9570584222347489
 0.6386125590841949 0.0001417632005022984 0.4023243482364236 -0.4101249386904563 -0.4873239380625486 0.4732609194238722
# name: <cell-element>
# type: matrix
# rows: 0
# columns: 0

# name: <cell-element>
# type: matrix
# rows: 0
# columns: 0
# name: <cell-element>
# type: matrix
# rows: 0
# columns: 0
# name: <cell-element>
# type: matrix
# rows: 4
# columns: 3
 0.8544287985264751 -0.2723636615381128 -0.1736550003914906
 -0.007545245075289198 0.8076714292903511 0.1879658640406821
 -0.7447498574686789 -0.4316697589826407 -0.1462554082728506
 -0.7068945485714629 -0.327840903161985 -0.505241301763704

