# Created by Octave 3.2.4, Sun Mar 31 16:04:28 2013 CEST <artur@desktop-debian>
# name: IW
# type: cell
# rows: 3
# columns: 1
# name: <cell-element>
# type: matrix
# rows: 6
# columns: 24
 -0.6287562049753935 -0.002544481925239483 0.2904433822312593 0.9858715101395445 0.08933371704855242 0.4104082808926912 0.8522487035095272 0.425487772187559 0.7623138976976138 -0.4596358166766864 0.8415712012224577 -0.6165808189494987 -0.8305326960131271 -0.7581400785717783 0.4207822646329544 -0.3136624148614623 0.8964201098639581 0.2092094521022085 -0.9538981458697168 0.5882230092568486 0.5947046993030427 0.421104034989076 0.9038201386741744 0.7861090256655987
 -0.02017637795675686 0.4797515560849521 -0.9083233908666076 -0.6769664426603396 0.8250396171184875 0.4160323417224472 0.1034515066349921 -0.9809767892069131 -0.1254545937090502 0.7243139325829551 0.5870665364825032 -0.5380528013246918 0.0006577012783037794 0.2712062945117029 0.4044664755334439 -0.3673605419319655 0.7362466993353456 0.5794015047177181 -0.06339883918379219 0.9486465303072691 0.2728923048759355 -0.6402975606549247 -0.3585077437890057 0.5793551271830844
 0.6584738299981951 0.1377842174464978 -0.2279371125492285 -0.03265555868341197 -0.8352774376064281 0.1477717438099067 -0.6014789929897207 0.2401525116915191 0.1023019990692078 0.387326592670916 -0.5701760471200158 -0.8722278808808456 -0.06685072390517133 0.7501692640120632 -0.6650452718106635 -0.354947447207605 -0.8057746416589725 -0.3678669855510778 -0.3008805097467863 -0.7660205774648353 0.6938430482769278 0.7139196792043343 0.9004146095616565 0.7816275985739947
 -0.2561826697056028 0.1783998732690171 -0.08264267993468211 -0.166047397266747 -0.1950416207733748 -0.3944465742347268 -0.1949110711137715 -0.4194428227730723 -0.378598995197608 0.1229518838258308 -0.4406600302213547 -0.06433523192740653 -0.432612973466132 -0.0557573471934546 0.7864761598602406 -0.5375490899976426 0.3510695719342793 0.7948584601805286 -0.813461423479129 0.3330917334027341 -0.8513140788306713 -0.1231263796550813 0.4108467682600907 0.6058646402793693
 0.155244346806916 -0.5557946170379099 0.7747271452617392 0.7622116574671949 0.1938182061024887 0.8845135211568729 0.1390068046140982 0.5024153850817328 -0.6688414678506166 -0.6008610123477488 -0.6872188630334343 0.2659972084256972 -0.7907985845188931 0.558942344358393 -0.8910867659561111 0.7079976646042325 0.2519720853445648 -0.6286050211801054 0.8956964306227126 -0.5555077420298772 0.201859697566108 0.2660732306031297 -0.1972491323150664 0.001511758532277918
 -0.13992274798742 0.9202738459612545 -0.3613456854496927 -0.2775701137717087 -0.9114133649114619 0.988987937504938 0.2714397233911672 -0.2938493827874652 0.7545689687015296 0.2004779446224108 0.579054675435285 -0.5847252747385817 0.6431130169390527 0.3924394246532563 0.7813054607040819 -0.6118168340754254 -0.9616772406095656 0.225442925102403 0.3279812226759202 -0.2200626082009037 -0.6080227373179744 0.4103991302668535 -0.298169186258827 -0.8360053320025579
# name: <cell-element>
# type: matrix
# rows: 0
# columns: 0
# name: <cell-element>
# type: matrix
# rows: 0
# columns: 0

