# Created by Octave 3.2.4, Tue Apr 02 09:40:32 2013 CEST <artur@desktop-debian>
# name: IW
# type: cell
# rows: 3
# columns: 1
# name: <cell-element>
# type: matrix
# rows: 1
# columns: 24
 -0.3436478360298253 0.7049971710864957 -0.8008836295837537 -0.1403968536829489 -0.09335208447186905 -0.4806115618794317 -0.8021702280623676 0.7673700804501826 -0.4324954148239345 0.8959078750281815 0.4245657925912942 -0.04417842362902868 0.1601195851778761 0.6827810544210442 -0.9868202709568813 0.546713200787184 0.734334254859859 0.1597882694761767 -0.2182964071922308 0.06125542236955472 0.1634240879329354 -0.350384374713251 0.7704947483817637 0.9903546098934073
# name: <cell-element>
# type: matrix
# rows: 0
# columns: 0
# name: <cell-element>
# type: matrix
# rows: 0
# columns: 0

