# Created by Octave 3.2.4, Sun Mar 31 16:03:03 2013 CEST <artur@desktop-debian>
# name: LW
# type: cell
# rows: 3
# columns: 2
# name: <cell-element>
# type: matrix
# rows: 0
# columns: 0
# name: <cell-element>
# type: matrix
# rows: 3
# columns: 6
 -0.231437392122568 0.6456921094513015 -0.7440223568099146 0.720872101606775 -0.639381835963219 0.3341434078323662
 -0.8850096908761055 -0.9576737031780848 0.1514440371055386 -0.2476000637862353 -0.3504901946565072 0.3355013520290244
 -0.02255799291292948 0.5125650668530048 0.3651799454493128 -0.1992932749714208 -0.4581517855870972 0.008596923711800875
# name: <cell-element>
# type: matrix
# rows: 0
# columns: 0

# name: <cell-element>
# type: matrix
# rows: 0
# columns: 0
# name: <cell-element>
# type: matrix
# rows: 0
# columns: 0
# name: <cell-element>
# type: matrix
# rows: 4
# columns: 3
 -0.6070061954606084 0.9482406654477562 0.2546849330318477
 -0.5667649849504218 0.9878158445208398 0.8507604100841313
 0.9951113813183055 -0.7999503154791118 0.684005623763376
 -0.2949899856821833 0.2619768083774066 -0.6366096297414022

