# Created by Octave 3.2.4, Sun Mar 31 16:04:28 2013 CEST <artur@desktop-debian>
# name: LW
# type: cell
# rows: 3
# columns: 2
# name: <cell-element>
# type: matrix
# rows: 0
# columns: 0
# name: <cell-element>
# type: matrix
# rows: 3
# columns: 6
 -0.6707180480787439 -0.8411986295938777 -0.1719360608819965 -0.3200637605428732 -0.3854318203013846 -0.02992576033988625
 0.188985650507808 -0.7827941442273897 0.7001733697127794 0.2111799801857384 0.08056066873242429 -0.4335280964426164
 -0.4888186126108788 0.55758064367326 -0.6750571973432967 0.1812775296751616 0.6733677481523126 -0.4443067762640825
# name: <cell-element>
# type: matrix
# rows: 0
# columns: 0

# name: <cell-element>
# type: matrix
# rows: 0
# columns: 0
# name: <cell-element>
# type: matrix
# rows: 0
# columns: 0
# name: <cell-element>
# type: matrix
# rows: 4
# columns: 3
 -0.4137564790376166 -0.8674473013878504 -0.2379083103114327
 -0.5175503848613964 -0.3859557954614447 0.3375557749077562
 0.7236342111909038 0.8411733267318391 -0.8562169501774736
 0.5261811275201531 0.7578319852152311 0.934628600420224

