# Created by Octave 3.2.4, Sun Mar 31 16:03:25 2013 CEST <artur@desktop-debian>
# name: IW
# type: cell
# rows: 3
# columns: 1
# name: <cell-element>
# type: matrix
# rows: 6
# columns: 24
 -0.1176894890037842 -0.4460439490333225 0.6200216527042584 0.4517539397936654 -0.8188803072347476 -0.795814866940589 -0.7913182625127976 -0.8763217171995533 -0.1148541223345655 0.984218060901852 -0.3321605804613165 0.02107496607833803 -0.5243675728624643 0.3027370757490466 -0.1407600872558302 -0.2987779994925955 -0.1918395573881689 -0.8401447621169299 0.3425676701912359 0.1883933363106807 0.718292676854601 -0.09058896326708077 0.893231088845807 0.1118742736570078
 -0.5467765019945884 -0.9360360715323063 -0.8580376174563119 0.5212495014806589 0.3115988077572616 -0.3098355902871804 0.4397512411157274 0.08385441485955614 -0.2484700631671527 -0.1027700395778769 0.6180492532723549 -0.1500510125024902 -0.8110297406068868 -0.5468156044428024 -0.9367456846664465 0.4999187855292127 -0.9195167663163067 0.6391200793505494 0.9337209750787385 0.3310638713887983 0.9374581350667863 -0.05593223262115965 -0.7017839797455482 -0.6568231069721541
 -0.4163471308339205 -0.575415028851458 0.9435346424812305 0.5328850578821156 -0.268111097392871 0.6131610167264652 0.1296691338060292 -0.9806982919562882 0.4625099482909247 -0.4349728296590006 0.2583871175440227 -0.7959292315970207 -0.7735719088337104 -0.9878462398384046 0.927257832267228 -0.9189712617433711 0.7980187554308638 0.4924121810884918 0.9664408410682681 0.4179099691324504 0.3532687148372802 -0.9248114120879304 0.1546642301859802 -0.1261569243152768
 -0.6949365295511477 0.05115735676549216 0.4713595223633023 -0.563889134753416 -0.8693219686326229 -0.8080532421059604 0.8903631862059753 0.1178754442626444 -0.9482216797151523 0.7617208029773055 -0.06352970680913506 -0.5532326707429459 -0.6570819950162022 0.778685344283508 0.767810592546349 0.8326295692381473 0.3445212390075767 -0.27432290560883 0.5079844000271361 -0.1073182427542477 0.8565870409005587 0.3629553374481764 -0.0529083194356802 -0.8494072076071318
 0.6882181208691436 0.2772171423594909 0.3721737955881674 -0.1185430764918268 0.9940035092535235 0.7900598995450712 -0.5650207379830899 -0.3900486841853784 -0.4341918401797825 -0.5116767292405394 -0.09933575022534613 0.1823679656679258 0.5554443365180415 0.9424098723634824 -0.1577443026691759 -0.2678597966142225 0.1652255887535559 0.06294942505534995 -0.9710847041955849 0.4688655775344832 -0.1301686976157551 0.7638129602780799 0.1375528680418099 0.03022328206067981
 -0.3819220744001935 -0.2068791263730382 -0.10881049710283 -0.8234761667992595 0.5456656543395568 0.03041167016023949 -0.6756301958698488 0.3729022655640932 0.4456218569164467 -0.8715142932193455 0.001773604803059214 0.791610349706547 -0.6988095302339951 -0.1735761335497358 0.266109045008716 -0.6051225985014491 0.4495514229928561 0.1739352279681343 0.6971473814420477 0.9845019408938038 0.1943869445992248 0.04169904562789406 -0.1209642991792043 -0.972558132394446
# name: <cell-element>
# type: matrix
# rows: 0
# columns: 0
# name: <cell-element>
# type: matrix
# rows: 0
# columns: 0

