# Created by Octave 3.2.4, Sun Mar 31 16:02:06 2013 CEST <artur@desktop-debian>
# name: LW
# type: cell
# rows: 3
# columns: 2
# name: <cell-element>
# type: matrix
# rows: 0
# columns: 0
# name: <cell-element>
# type: matrix
# rows: 3
# columns: 7
 -0.9578929223609306 -0.9013105079102436 -0.03404728685723379 -0.5487480676462601 -0.0242730901540994 -0.4856844416094034 0.9939998390511344
 -0.4795928458161308 0.9212282243293055 0.3018642818005974 -0.8567127385393619 0.4692946823598916 -0.9198022591077651 -0.8352967378360806
 0.4050670557807901 -0.237745024504059 0.5269357454904575 0.748935691733208 0.5955586312469261 -0.2100855105678429 0.6015897561739227
# name: <cell-element>
# type: matrix
# rows: 0
# columns: 0

# name: <cell-element>
# type: matrix
# rows: 0
# columns: 0
# name: <cell-element>
# type: matrix
# rows: 0
# columns: 0
# name: <cell-element>
# type: matrix
# rows: 4
# columns: 3
 -0.1782646093408201 0.6082941595657014 0.005421662259405657
 -0.1578325919582612 0.752570505396162 0.1642405166944148
 -0.2614824134205148 -0.7994257510851924 0.751465858165913
 0.0733705194433254 -0.02344203840655423 0.9640315307197427

