# Created by Octave 3.2.4, Fri Apr 12 16:12:31 2013 CEST <artur@desktop-debian>
# name: LW
# type: cell
# rows: 3
# columns: 2
# name: <cell-element>
# type: matrix
# rows: 0
# columns: 0
# name: <cell-element>
# type: matrix
# rows: 3
# columns: 6
 -0.950573858079136 0.6640051559927165 0.09589639000361649 0.3736012946104996 -0.2154283686468578 -0.1451855783295378
 0.4131424343392189 -0.9548779248580609 0.09037934222078725 0.03510642643870132 -0.6607659408894023 0.7545054254814854
 0.1323487435509021 -0.4776454864099567 -0.4887502958014306 0.121686203010076 -0.8221830648812992 -0.8867568753518006
# name: <cell-element>
# type: matrix
# rows: 0
# columns: 0

# name: <cell-element>
# type: matrix
# rows: 0
# columns: 0
# name: <cell-element>
# type: matrix
# rows: 0
# columns: 0
# name: <cell-element>
# type: matrix
# rows: 3
# columns: 3
 0.3733265252079929 0.5961957692398978 0.2956928812756623
 0.2244411645376605 0.7785374017255762 0.7535831489438556
 -0.2767767915038296 0.4656771579698948 0.3951699666326838

