# Created by Octave 3.2.4, Sun Mar 31 16:03:17 2013 CEST <artur@desktop-debian>
# name: IW
# type: cell
# rows: 3
# columns: 1
# name: <cell-element>
# type: matrix
# rows: 6
# columns: 24
 0.6596597845323859 0.8083662670978975 0.1920496387277313 -0.0769439807878568 -0.5612983074539016 -0.7561536302402062 0.9571296376077347 -0.6802026555269679 -0.4417394265660292 0.4585070819117194 -0.06405997337653158 -0.8259715047415793 0.7334369320576775 0.5023107333821839 -0.1340080959974325 0.8529490758054239 -0.05450733056826718 0.08103623745369237 -0.05029990761722891 0.8139363148972896 -0.2357835072969047 0.853234074659476 0.231896248443995 0.08508339357219241
 0.4240826903797927 -0.4707524301482765 -0.6390352422004867 0.2097946078052031 -0.8835904839807037 -0.7337858271639687 0.3722843000657114 0.9724312525665459 0.7728383399824599 0.730755449622277 0.6535281815185303 0.3658326968500303 -0.0676893452792281 0.2989888467780006 -0.3517710340170951 0.904258300117625 0.08764411029174912 -0.1312585696182725 0.754099199007551 -0.7543140290803748 -0.5903675961036895 0.9236351154592262 -0.09833584093812553 -0.1409724069968207
 0.4153905140439427 0.07018652516087354 -0.2458913889586235 -0.4987803709403821 -0.3573407877119322 -0.4014216422857223 0.5040623060574334 0.8529757822760493 -0.9873206945790997 0.9680228891517744 0.9692552533928014 0.3830551209268671 -0.2859504005912833 -0.7436943756955535 -0.1314529213288801 0.8609564342594056 -0.1204710025927126 0.05027111030430098 0.9669777497966652 -0.02466447994317489 -0.4232558000252092 -0.7599532660006242 0.9195844301333091 -0.8005348347190288
 0.4303469434642775 0.3430671784734154 0.6840870194588387 0.6965783820704974 -0.6521634737603222 0.9073404317236873 0.3868199334717124 -0.4749109786527729 0.9930423079595658 -0.9337723633181497 -0.2102180447237684 -0.7551554850071006 0.09011707869063978 0.6401745760330049 0.1485212077030291 -0.456951705921696 -0.196287828087803 -0.01639943283647904 0.004452174362276295 -0.6486486429649855 -0.8340344221066901 -0.8989946057660184 -0.6676665310548643 0.4716932380724768
 0.01423291967156914 0.495241645197229 0.8351662192132567 -0.3055836668184341 0.4822390825840028 0.8454739026772595 -0.5511897550494328 -0.4799665325815464 -0.382266992775082 -0.4574407417817598 0.7837993642607262 0.5827849600377175 -0.9709085308933504 -0.8663614777352567 0.2434701228201694 -0.7996861693683183 -0.2847134735689411 -0.2072707313122552 -0.6964566622536411 -0.6660421081480049 0.6166747355746045 0.8534394114820636 -0.09179137235245272 -0.7455813770583185
 0.003989407159372682 0.3596679363562625 0.293015751807826 -0.4870165493655413 -0.7108121300211169 -0.3787120801149871 0.3215050724785649 -0.8941246802992576 0.5785181429263135 -0.3269055130890915 -0.848787109625185 0.5633357104187082 0.06563923652711834 -0.1683681495418411 0.7576907813086073 0.8406533812934427 -0.5483111602924197 -0.1956519529405897 0.7677724439928013 0.7169364792142741 -0.1178238742276124 0.2939513856172673 0.2221365809678546 -0.4420460163412129
# name: <cell-element>
# type: matrix
# rows: 0
# columns: 0
# name: <cell-element>
# type: matrix
# rows: 0
# columns: 0

