# Created by Octave 3.2.4, Fri Apr 12 16:47:53 2013 CEST <artur@desktop-debian>
# name: LW
# type: cell
# rows: 3
# columns: 2
# name: <cell-element>
# type: matrix
# rows: 0
# columns: 0
# name: <cell-element>
# type: matrix
# rows: 3
# columns: 6
 -0.5263504915403286 -0.6625963038426294 0.7891942025073138 0.3373039284741768 -0.3248425703107093 -0.41342259368262
 -0.3275846759132995 -0.4519946325345819 0.5289107556265724 0.9303055074323308 0.774137619391946 -0.4067619740858258
 0.1301878153567728 -0.07770055270418064 -0.7876872735523724 0.2797111871444646 0.9882537019730475 0.4971063633823973
# name: <cell-element>
# type: matrix
# rows: 0
# columns: 0

# name: <cell-element>
# type: matrix
# rows: 0
# columns: 0
# name: <cell-element>
# type: matrix
# rows: 0
# columns: 0
# name: <cell-element>
# type: matrix
# rows: 7
# columns: 3
 -0.4917493943050263 -0.7706960932592121 0.8056334055633902
 -0.94221127640694 0.4149174992719371 -0.8968997874098165
 0.3762277188076872 0.9873256421998973 -0.7668283683524028
 -0.1944728208369829 0.6195225182344692 -0.7306074149235712
 0.4912682916110056 -0.9052812536655733 0.8902362817063079
 -0.3268846578609071 -0.8754209640970759 0.004503385521982262
 0.4556320818820978 -0.6644618762527438 -0.8434540192044705

