# Created by Octave 3.2.4, Fri Apr 12 16:47:53 2013 CEST <artur@desktop-debian>
# name: IW
# type: cell
# rows: 3
# columns: 1
# name: <cell-element>
# type: matrix
# rows: 6
# columns: 36
 -0.6893937962282345 -0.9973250550278719 -0.1810075822849088 -0.1839253971908418 -0.3283381013626515 -0.6510803951825511 0.1635367116772517 -0.03623306415083716 -0.9514835327386696 -0.4477520893515096 -0.06398100467258938 0.9514908606482482 -0.9604733385595799 -0.6388449010647498 0.4184285473382874 -0.9445372062154122 -0.845701536054115 0.3982223194914083 -0.07084116577662669 -0.5085795321229541 0.6031444073486474 -0.511200491957943 -0.2656039189984926 -0.60920313566302 -0.02421579335890922 0.4681369444564449 -0.7324499317796188 -0.09374282121623534 -0.03122866487357789 0.6749992339477617 0.798535837781956 0.4587221684387714 0.3374627870911817 -0.9609683633986373 0.1357620774367001 0.8994710601925304
 0.8204410817656216 -0.5399262045059611 -0.1268075982467246 0.1916863705313105 -0.2875007608443293 0.5631948733950678 -0.1363967515590087 -0.2412085966493439 0.8021251495882091 -0.964643617508865 0.6318489523587048 -0.7069764692304298 -0.2273112394245175 -0.2722852190112893 0.1043603395075956 -0.7725541795003595 0.1973539593639657 0.4395656126413399 0.8624259555545124 0.5136116669649373 0.7674715054201171 0.6720449375221915 -0.8022967985046202 -0.8581284089274596 0.004786929898283887 -0.7515228108214861 -0.03396094863045629 0.2287383002901238 0.8961525497599434 0.7515726398744049 0.6389539971286242 -0.7349872332908957 -0.2784913290234304 0.7771291501057525 0.8616025301092993 -0.2171099550201455
 0.7167541821218582 -0.7799697600562024 0.3612667813969999 0.5513316428450437 -0.907675784279251 0.4981820846003155 -0.8291449991107896 0.8704537395746159 0.7952736768112871 -0.01144174659724928 0.8222432733760299 -0.3997021748948953 -0.3417310987042729 -0.3033821663205817 0.6281609804943968 0.4705168886956228 0.2417178503702788 0.52655862640388 0.308018884621643 -0.8827952586504405 -0.6919891609167398 -0.2135487349226804 0.2036601846093475 0.9380925492302865 -0.6302301876704027 -0.9331291796493281 -0.5741996393794221 0.8151472771072259 0.1368402390197361 -0.8972134818663114 -0.3676564741296205 0.9913186044757252 -0.1594660523640404 -0.7185863805340179 0.9424069333887681 0.3799811014170273
 -0.4904155421249626 -0.6519409054064821 0.8494105777410714 0.8876460373544022 -0.2460472227772142 0.7461475490033105 -0.966935861245129 -0.4993586825168969 -0.3759463661226229 0.2673499725486701 -0.6982137503069515 0.7835992452247569 0.4026706095010208 -0.4639427561013382 -0.6814118001469366 -0.6518599863013222 0.794033171192118 0.8280980493593491 0.3318708987008989 0.9258326151597491 0.9855153220648474 -0.06653662154774664 0.8247248886576084 0.01501809694499245 0.3023274804823535 0.7113388217284624 0.7468880815352719 -0.8790341642257503 0.9253211199065143 -0.4290794774747092 0.6142048914578853 -0.4317737886218483 0.3015538706451015 0.3057017070212256 0.5251923675136405 -0.9314151656320492
 0.02448482266139873 -0.6742899640013181 0.3793899305796298 0.9693755967947346 -0.5724266979420657 0.2422891544038179 -0.846734041746617 -0.2952561797115753 0.5789370977103248 -0.2037364946358963 -0.4249651390711341 0.5845502136602372 -0.905198816041875 0.2322067288481318 0.5457751701623665 -0.9365879608394675 0.1409597195652079 -0.8271085379829247 -0.6982895750291821 -0.8077023357959471 -0.6539573059015226 -0.06255279631495114 0.5793667192622203 -0.4379599706843192 0.1719262458862376 -0.1512588989711944 0.2150773085404671 0.3983888695366247 -0.6125015576807272 -0.1628063044444833 0.2093230051928474 -0.9245448375560098 -0.5865423269745665 0.2003765404628417 0.1293231253670606 0.8196472012408931
 -0.9789278350757055 0.5944512163868505 0.2023686036110357 0.1825212341512266 -0.8589021072330268 -0.07435886613341747 -0.855862114001562 0.4168962482354803 -0.6841609197184911 0.1171079498304901 0.9989214560159712 0.9401342350429773 0.6141652210524202 0.4342895512503675 -0.7269596841218285 -0.1724744135160984 0.7086744103279432 0.4986754015796608 0.1932692941441143 -0.3386039740243393 -0.2531888320022565 0.0579178205883002 -0.4794029000516481 0.2676545826459964 -0.7328893795858605 -0.758446128894403 0.4934259036864816 0.8942976226641062 -0.3620403393873474 -0.6872268040100845 0.5895287784374834 -0.8692336396398405 0.7140483524807106 -0.6081570290426533 -0.04358927062270357 0.3866645889887024
# name: <cell-element>
# type: matrix
# rows: 0
# columns: 0
# name: <cell-element>
# type: matrix
# rows: 0
# columns: 0

