# Created by Octave 3.2.4, Sun Mar 31 16:03:03 2013 CEST <artur@desktop-debian>
# name: IW
# type: cell
# rows: 3
# columns: 1
# name: <cell-element>
# type: matrix
# rows: 6
# columns: 24
 0.1056397028771157 0.359801484631405 0.01499873293819864 0.8594164797420509 -0.05412092681924452 -0.6291664296471277 -0.3098512969256982 -0.4746742218082846 -0.5217434694164079 -0.4865438330919002 0.6321760120054054 0.5975039975755987 0.6881173680371868 0.8028017125252938 0.1788886957764906 0.5029448258520999 -0.6443680151063479 0.8150170680025051 -0.746590853385061 -0.581452482045732 0.06636095188902269 0.8349034064626921 0.6902863167530444 0.7724868436876724
 0.927944850495829 0.5537837326507469 -0.8449388831944055 -0.298977824742411 -0.7129685965928737 0.6180798492243089 0.1481517833533763 0.8773928963924025 0.6214160269601512 -0.9933220317004784 0.09823565881636154 -0.7233495400851552 0.4942290469315429 -0.7778565930448259 0.4613388036748678 0.1520927050072529 0.8591413929945064 0.5509288486958719 -0.3032356784887215 -0.5097477958436719 0.8100526434605848 0.4536903663874483 0.620986351186456 0.03469762719584746
 -0.9002345833412121 0.836301018648635 0.2473634064791841 0.4041965394203493 -0.6387835907589307 -0.6879922797106178 0.1974290532931011 0.337953176569894 0.9879729539743713 0.2687328814803247 -0.6609507655145302 -0.02861528247919776 0.3143275341471825 0.1042386856180313 0.5323079659509165 0.2685254636336134 0.4223209916304538 -0.2074117636095342 0.592641629128851 0.5131667730946494 -0.6024437185178683 -0.9501361433553425 -0.893808191134338 0.3042208650160512
 -0.9623257747694861 0.1926582732852735 -0.740301074670732 -0.9341796502142669 0.94387726366712 -0.6867850186226506 -0.1167689178501347 0.6537728254583113 0.6740538999950667 -0.9941622640356113 -0.0390057781493699 -0.4464818454009712 -0.5694856961428586 0.4741705990777252 0.9625375901036712 -0.9240227902523975 0.002138340554105778 0.3183206414446966 0.487756010787995 0.0564527350314894 0.008591469105811989 -0.6258309108598096 0.8918419396913706 -0.9533265363395275
 0.05087780974848943 0.1429420042754141 -0.5859289898407692 0.6077599652990415 0.6856880609927896 0.8797508541895849 -0.5600403862951703 -0.1683067604245506 0.9560402176779086 -0.06158513220323758 0.8020342248705437 0.6614158793237026 0.8213049450100343 -0.711071509383932 -0.6381770341061755 0.6167398424821162 -0.05048971775437427 -0.109405473617764 0.3649970002385001 0.2867543553012262 -0.3071810304230981 -0.2311346546593612 -0.5049257008665605 0.277229323748635
 0.2374930205449373 -0.817413161132775 -0.7794578003934497 0.707373053101058 0.9098514103353879 -0.6307599732668555 -0.6835441213678276 0.1931039569807822 -0.49112412367611 -0.6708787311571532 0.685699506506543 -0.8408796826240162 -0.6763033555018828 -0.2200563527616258 0.1296517147934058 -0.06430978572206569 0.5408858454707881 0.6094972838336064 0.125163484976361 0.3850906721205658 0.05564034713197685 -0.8708503242797435 0.2777610218768738 -0.7724424502892816
# name: <cell-element>
# type: matrix
# rows: 0
# columns: 0
# name: <cell-element>
# type: matrix
# rows: 0
# columns: 0

